x = 0:0.025:99.9875;
y=[-65
-64.9993
-64.9985
-64.9978
-64.9971
-64.9964
-64.9957
-64.995
-64.9943
-64.9937
-64.993
-64.9923
-64.9917
-64.991
-64.9904
-64.9898
-64.9891
-64.9885
-64.9879
-64.9873
-64.9867
-64.9861
-64.9855
-64.9849
-64.9843
-64.9837
-64.9831
-64.9826
-64.982
-64.9814
-64.9809
-64.9803
-64.9798
-64.9792
-64.9787
-64.9781
-64.9776
-64.9771
-64.9766
-64.9761
-64.9755
-64.975
-64.9745
-64.974
-64.9735
-64.973
-64.9725
-64.9721
-64.9716
-64.9711
-64.9706
-64.9701
-64.9696
-64.9691
-64.9686
-64.9681
-64.9676
-64.9671
-64.9665
-64.966
-64.9655
-64.9649
-64.9643
-64.9637
-64.9631
-64.9625
-64.9619
-64.9612
-64.9605
-64.9598
-64.9591
-64.9584
-64.9576
-64.9568
-64.956
-64.9552
-64.9543
-64.9534
-64.9525
-64.9516
-64.9506
-64.9496
-64.9485
-64.9475
-64.9464
-64.9453
-64.9441
-64.9429
-64.9417
-64.9405
-64.9392
-64.9379
-64.9366
-64.9352
-64.9339
-64.9324
-64.931
-64.9295
-64.928
-64.9265
-64.9249
-64.9234
-64.9218
-64.9201
-64.9185
-64.9168
-64.9151
-64.9133
-64.9116
-64.9098
-64.908
-64.9061
-64.9043
-64.9024
-64.9005
-64.8986
-64.8966
-64.8947
-64.8927
-64.8907
-64.8887
-64.8866
-64.8846
-64.8825
-64.8804
-64.8783
-64.8762
-64.874
-64.8719
-64.8697
-64.8675
-64.8653
-64.8631
-64.8609
-64.8586
-64.8564
-64.8541
-64.8518
-64.8495
-64.8472
-64.8449
-64.8426
-64.8403
-64.838
-64.8356
-64.8333
-64.8309
-64.8285
-64.8262
-64.8238
-64.8214
-64.819
-64.8166
-64.8142
-64.8118
-64.8093
-64.8069
-64.8045
-64.802
-64.7996
-64.7971
-64.7947
-64.7922
-64.7897
-64.7873
-64.7848
-64.7823
-64.7798
-64.7773
-64.7748
-64.7723
-64.7697
-64.7672
-64.7647
-64.7621
-64.7595
-64.757
-64.7544
-64.7518
-64.7492
-64.7465
-64.7439
-64.7412
-64.7385
-64.7358
-64.733
-64.7302
-64.7274
-64.7246
-64.7217
-64.7187
-64.7157
-64.7127
-64.7096
-64.7064
-64.7031
-64.6997
-64.6962
-64.6926
-64.6888
-64.6849
-64.6808
-64.6765
-64.672
-64.6671
-64.662
-64.6565
-64.6506
-64.6442
-64.6372
-64.6297
-64.6214
-64.6124
-64.6024
-64.5914
-64.5792
-64.5657
-64.5506
-64.5337
-64.5149
-64.4939
-64.4703
-64.4439
-64.4142
-64.3808
-64.3433
-64.3011
-64.2536
-64.2002
-64.14
-64.0722
-63.9959
-63.9099
-63.8131
-63.7041
-63.5813
-63.4431
-63.2874
-63.1122
-62.9149
-62.693
-62.4432
-62.1621
-61.846
-61.4904
-61.0906
-60.6411
-60.1358
-59.568
-58.9301
-58.2135
-57.409
-56.5059
-55.4926
-54.3562
-53.0823
-51.6554
-50.0582
-48.2721
-46.2772
-44.0523
-41.5756
-38.8249
-35.7792
-32.4201
-28.7336
-24.7138
-20.3661
-15.7122
-10.7941
-5.67755
-0.45301
4.76771
9.85942
14.6956
19.1621
23.1695
26.6604
29.6114
32.0296
33.9453
35.4038
36.4578
37.1614
37.5658
37.7172
37.6557
37.4152
37.0242
36.5059
35.8794
35.1604
34.3617
33.4941
32.5664
31.5861
30.5599
29.4934
28.3916
27.2591
26.0998
24.9173
23.7148
22.4953
21.2613
20.0152
18.7592
17.4952
16.2251
14.9505
13.673
12.3938
11.1144
9.8358
8.55908
7.28519
6.01496
4.74914
3.48839
2.23328
0.984318
-0.258086
-1.49358
-2.72188
-3.94276
-5.15608
-6.36172
-7.55964
-8.74986
-9.93244
-11.1075
-12.2752
-13.4358
-14.5895
-15.7368
-16.878
-18.0136
-19.1442
-20.2705
-21.3931
-22.513
-23.6311
-24.7486
-25.8665
-26.9863
-28.1095
-29.2377
-30.3727
-31.5166
-32.6714
-33.8394
-35.0228
-36.2242
-37.4458
-38.6901
-39.9592
-41.255
-42.5791
-43.9324
-45.3152
-46.7267
-48.1653
-49.628
-51.1103
-52.6064
-54.109
-55.6095
-57.098
-58.564
-59.9963
-61.3841
-62.717
-63.9859
-65.1833
-66.3034
-67.3427
-68.2996
-69.1745
-69.9694
-70.6877
-71.3336
-71.9122
-72.4288
-72.8887
-73.2974
-73.6598
-73.9806
-74.2643
-74.5147
-74.7354
-74.9296
-75.1002
-75.2495
-75.38
-75.4934
-75.5917
-75.6764
-75.749
-75.8108
-75.8631
-75.9068
-75.9431
-75.9728
-75.9968
-76.0158
-76.0304
-76.0413
-76.049
-76.0538
-76.0563
-76.0567
-76.0554
-76.0526
-76.0484
-76.0432
-76.037
-76.0299
-76.0222
-76.0138
-76.0049
-75.9956
-75.9858
-75.9756
-75.9651
-75.9544
-75.9433
-75.932
-75.9205
-75.9088
-75.8969
-75.8848
-75.8725
-75.8601
-75.8475
-75.8348
-75.8219
-75.8089
-75.7957
-75.7824
-75.769
-75.7554
-75.7418
-75.728
-75.714
-75.7
-75.6858
-75.6715
-75.657
-75.6425
-75.6278
-75.613
-75.5981
-75.583
-75.5679
-75.5526
-75.5372
-75.5217
-75.506
-75.4902
-75.4744
-75.4583
-75.4422
-75.426
-75.4096
-75.3931
-75.3765
-75.3597
-75.3429
-75.3259
-75.3088
-75.2915
-75.2742
-75.2567
-75.2391
-75.2214
-75.2036
-75.1856
-75.1675
-75.1493
-75.131
-75.1126
-75.094
-75.0753
-75.0565
-75.0376
-75.0185
-74.9994
-74.9801
-74.9607
-74.9411
-74.9215
-74.9017
-74.8818
-74.8618
-74.8417
-74.8214
-74.8011
-74.7806
-74.76
-74.7393
-74.7184
-74.6975
-74.6764
-74.6552
-74.6339
-74.6125
-74.591
-74.5693
-74.5475
-74.5257
-74.5037
-74.4816
-74.4594
-74.437
-74.4146
-74.3921
-74.3694
-74.3466
-74.3238
-74.3008
-74.2777
-74.2545
-74.2312
-74.2078
-74.1843
-74.1606
-74.1369
-74.1131
-74.0892
-74.0651
-74.041
-74.0168
-73.9924
-73.968
-73.9435
-73.9188
-73.8941
-73.8693
-73.8444
-73.8194
-73.7943
-73.7691
-73.7438
-73.7184
-73.6929
-73.6674
-73.6417
-73.616
-73.5901
-73.5642
-73.5383
-73.5122
-73.486
-73.4598
-73.4334
-73.407
-73.3806
-73.354
-73.3274
-73.3007
-73.2739
-73.247
-73.2201
-73.1931
-73.166
-73.1388
-73.1116
-73.0843
-73.057
-73.0295
-73.0021
-72.9745
-72.9469
-72.9192
-72.8915
-72.8637
-72.8358
-72.8079
-72.78
-72.7519
-72.7239
-72.6957
-72.6676
-72.6393
-72.611
-72.5827
-72.5543
-72.5259
-72.4974
-72.4689
-72.4403
-72.4117
-72.3831
-72.3544
-72.3257
-72.2969
-72.2681
-72.2393
-72.2104
-72.1815
-72.1526
-72.1236
-72.0947
-72.0656
-72.0366
-72.0075
-71.9784
-71.9493
-71.9201
-71.891
-71.8618
-71.8326
-71.8033
-71.7741
-71.7448
-71.7156
-71.6863
-71.6569
-71.6276
-71.5983
-71.5689
-71.5396
-71.5102
-71.4809
-71.4515
-71.4221
-71.3927
-71.3633
-71.334
-71.3046
-71.2752
-71.2458
-71.2164
-71.187
-71.1577
-71.1283
-71.099
-71.0696
-71.0403
-71.0109
-70.9816
-70.9523
-70.923
-70.8937
-70.8644
-70.8352
-70.8059
-70.7767
-70.7475
-70.7183
-70.6891
-70.66
-70.6309
-70.6018
-70.5727
-70.5436
-70.5146
-70.4856
-70.4566
-70.4276
-70.3987
-70.3698
-70.341
-70.3121
-70.2833
-70.2546
-70.2258
-70.1971
-70.1685
-70.1398
-70.1113
-70.0827
-70.0542
-70.0257
-69.9973
-69.9689
-69.9406
-69.9122
-69.884
-69.8558
-69.8276
-69.7994
-69.7713
-69.7433
-69.7153
-69.6873
-69.6594
-69.6316
-69.6038
-69.576
-69.5483
-69.5206
-69.493
-69.4655
-69.438
-69.4105
-69.3831
-69.3558
-69.3285
-69.3013
-69.2741
-69.247
-69.2199
-69.1929
-69.166
-69.1391
-69.1123
-69.0856
-69.0589
-69.0322
-69.0057
-68.9792
-68.9527
-68.9263
-68.9
-68.8737
-68.8476
-68.8214
-68.7954
-68.7694
-68.7434
-68.7175
-68.6917
-68.666
-68.6403
-68.6147
-68.5892
-68.5637
-68.5383
-68.513
-68.4877
-68.4625
-68.4374
-68.4123
-68.3873
-68.3624
-68.3376
-68.3128
-68.2881
-68.2635
-68.2389
-68.2144
-68.19
-68.1657
-68.1414
-68.1173
-68.0932
-68.0691
-68.0452
-68.0213
-67.9975
-67.9738
-67.9501
-67.9266
-67.9031
-67.8796
-67.8563
-67.833
-67.8098
-67.7867
-67.7637
-67.7407
-67.7178
-67.695
-67.6723
-67.6496
-67.627
-67.6045
-67.5821
-67.5597
-67.5374
-67.5152
-67.4931
-67.4711
-67.4491
-67.4272
-67.4054
-67.3837
-67.3621
-67.3405
-67.3191
-67.2977
-67.2763
-67.2551
-67.234
-67.2129
-67.1919
-67.171
-67.1502
-67.1295
-67.1088
-67.0882
-67.0677
-67.0473
-67.027
-67.0068
-66.9866
-66.9666
-66.9466
-66.9267
-66.9068
-66.8871
-66.8674
-66.8478
-66.8283
-66.8089
-66.7896
-66.7703
-66.7511
-66.732
-66.713
-66.6941
-66.6752
-66.6564
-66.6377
-66.6191
-66.6006
-66.5822
-66.5638
-66.5455
-66.5273
-66.5092
-66.4911
-66.4732
-66.4553
-66.4375
-66.4198
-66.4022
-66.3847
-66.3672
-66.3498
-66.3326
-66.3154
-66.2983
-66.2812
-66.2643
-66.2474
-66.2307
-66.214
-66.1974
-66.1809
-66.1644
-66.1481
-66.1318
-66.1157
-66.0996
-66.0836
-66.0677
-66.0519
-66.0362
-66.0205
-66.0049
-65.9895
-65.9741
-65.9588
-65.9436
-65.9284
-65.9134
-65.8984
-65.8835
-65.8687
-65.854
-65.8393
-65.8248
-65.8103
-65.7959
-65.7816
-65.7674
-65.7532
-65.7391
-65.7252
-65.7113
-65.6974
-65.6837
-65.67
-65.6565
-65.643
-65.6296
-65.6162
-65.603
-65.5898
-65.5768
-65.5638
-65.5509
-65.538
-65.5253
-65.5126
-65.5001
-65.4876
-65.4752
-65.4629
-65.4506
-65.4385
-65.4264
-65.4144
-65.4025
-65.3907
-65.379
-65.3674
-65.3558
-65.3444
-65.333
-65.3217
-65.3105
